Month	L	M	S	SD3neg	SD2neg	SD1neg	SD0	SD1	SD2	SD3
60	-0.72895	16.51891	0.08670	13.0	14.0	15.2	16.5	18.1	19.9	22.0
61	-0.75845	16.55158	0.08699	13.0	14.1	15.2	16.6	18.1	19.9	22.1
62	-0.78927	16.58562	0.08728	13.1	14.1	15.2	16.6	18.2	20.0	22.2
63	-0.82138	16.62121	0.08758	13.1	14.1	15.3	16.6	18.2	20.1	22.3
64	-0.85473	16.65854	0.08789	13.1	14.1	15.3	16.7	18.3	20.2	22.5
65	-0.88928	16.69781	0.08819	13.2	14.2	15.3	16.7	18.3	20.2	22.6
66	-0.92496	16.73915	0.08851	13.2	14.2	15.4	16.7	18.4	20.3	22.7
67	-0.96164	16.78248	0.08882	13.2	14.2	15.4	16.8	18.4	20.4	22.8
68	-0.99919	16.82768	0.08915	13.3	14.3	15.5	16.8	18.5	20.5	23.0
69	-1.03745	16.87463	0.08948	13.3	14.3	15.5	16.9	18.5	20.6	23.1
70	-1.07629	16.92319	0.08981	13.4	14.4	15.5	16.9	18.6	20.7	23.3
71	-1.11556	16.97324	0.09015	13.4	14.4	15.6	17.0	18.7	20.8	23.4
72	-1.15511	17.02466	0.09049	13.4	14.4	15.6	17.0	18.7	20.9	23.6
73	-1.19480	17.07731	0.09084	13.5	14.5	15.7	17.1	18.8	21.0	23.7
74	-1.23449	17.13106	0.09120	13.5	14.5	15.7	17.1	18.9	21.1	23.9
75	-1.27403	17.18581	0.09156	13.6	14.6	15.8	17.2	18.9	21.2	24.1
76	-1.31328	17.24140	0.09193	13.6	14.6	15.8	17.2	19.0	21.3	24.3
77	-1.35210	17.29773	0.09231	13.7	14.7	15.9	17.3	19.1	21.4	24.5
78	-1.39034	17.35466	0.09269	13.7	14.7	15.9	17.4	19.2	21.5	24.7
79	-1.42785	17.41207	0.09308	13.8	14.8	16.0	17.4	19.2	21.6	24.9
80	-1.46450	17.46982	0.09347	13.8	14.8	16.0	17.5	19.3	21.7	25.1
81	-1.50018	17.52784	0.09388	13.9	14.9	16.1	17.5	19.4	21.9	25.3
82	-1.53485	17.58607	0.09428	13.9	14.9	16.1	17.6	19.5	22.0	25.5
83	-1.56850	17.64449	0.09470	13.9	14.9	16.2	17.6	19.5	22.1	25.7
84	-1.60108	17.70307	0.09512	14.0	15.0	16.2	17.7	19.6	22.2	25.9
85	-1.63258	17.76178	0.09555	14.0	15.0	16.3	17.8	19.7	22.3	26.1
86	-1.66297	17.82059	0.09598	14.1	15.1	16.3	17.8	19.8	22.5	26.4
87	-1.69222	17.87946	0.09642	14.1	15.1	16.4	17.9	19.9	22.6	26.6
88	-1.72030	17.93836	0.09687	14.2	15.2	16.4	17.9	19.9	22.7	26.8
89	-1.74719	17.99727	0.09732	14.2	15.2	16.5	18.0	20.0	22.8	27.1
90	-1.77285	18.05615	0.09778	14.3	15.3	16.5	18.1	20.1	23.0	27.3
91	-1.79727	18.11498	0.09824	14.3	15.3	16.5	18.1	20.2	23.1	27.6
92	-1.82040	18.17371	0.09871	14.3	15.4	16.6	18.2	20.3	23.2	27.8
93	-1.84224	18.23233	0.09918	14.4	15.4	16.6	18.2	20.3	23.3	28.1
94	-1.86274	18.29080	0.09966	14.4	15.4	16.7	18.3	20.4	23.5	28.3
95	-1.88189	18.34908	0.10014	14.5	15.5	16.7	18.3	20.5	23.6	28.6
96	-1.89968	18.40721	0.10063	14.5	15.5	16.8	18.4	20.6	23.7	28.8
97	-1.91614	18.46524	0.10112	14.5	15.6	16.8	18.5	20.7	23.8	29.1
98	-1.93128	18.52324	0.10162	14.6	15.6	16.9	18.5	20.7	24.0	29.3
99	-1.94514	18.58127	0.10211	14.6	15.6	16.9	18.6	20.8	24.1	29.6
100	-1.95773	18.63939	0.10262	14.6	15.7	17.0	18.6	20.9	24.2	29.9
101	-1.96908	18.69765	0.10312	14.7	15.7	17.0	18.7	21.0	24.4	30.1
102	-1.97920	18.75613	0.10363	14.7	15.8	17.1	18.8	21.1	24.5	30.4
103	-1.98813	18.81489	0.10414	14.8	15.8	17.1	18.8	21.1	24.6	30.7
104	-1.99588	18.87398	0.10465	14.8	15.8	17.2	18.9	21.2	24.7	30.9
105	-2.00248	18.93347	0.10516	14.8	15.9	17.2	18.9	21.3	24.9	31.2
106	-2.00795	18.99342	0.10568	14.9	15.9	17.3	19.0	21.4	25.0	31.4
107	-2.01231	19.05389	0.10619	14.9	16.0	17.3	19.1	21.5	25.1	31.7
108	-2.01558	19.11495	0.10671	14.9	16.0	17.4	19.1	21.6	25.3	32.0
109	-2.01780	19.17665	0.10722	15.0	16.0	17.4	19.2	21.6	25.4	32.2
110	-2.01897	19.23906	0.10774	15.0	16.1	17.5	19.2	21.7	25.5	32.5
111	-2.01912	19.30221	0.10825	15.0	16.1	17.5	19.3	21.8	25.7	32.7
112	-2.01828	19.36613	0.10877	15.1	16.2	17.6	19.4	21.9	25.8	33.0
113	-2.01647	19.43088	0.10928	15.1	16.2	17.6	19.4	22.0	25.9	33.2
114	-2.01371	19.49646	0.10979	15.1	16.3	17.7	19.5	22.1	26.1	33.5
115	-2.01004	19.56293	0.11029	15.2	16.3	17.7	19.6	22.2	26.2	33.7
116	-2.00546	19.63031	0.11080	15.2	16.3	17.8	19.6	22.3	26.3	33.9
117	-2.00000	19.69863	0.11130	15.3	16.4	17.8	19.7	22.3	26.4	34.2
118	-1.99370	19.76794	0.11179	15.3	16.4	17.9	19.8	22.4	26.6	34.4
119	-1.98657	19.83825	0.11228	15.3	16.5	17.9	19.8	22.5	26.7	34.6
120	-1.97863	19.90962	0.11277	15.4	16.5	18.0	19.9	22.6	26.8	34.8
121	-1.96991	19.98207	0.11325	15.4	16.6	18.0	20.0	22.7	27.0	35.0
122	-1.96043	20.05563	0.11372	15.4	16.6	18.1	20.1	22.8	27.1	35.2
123	-1.95022	20.13034	0.11419	15.5	16.7	18.2	20.1	22.9	27.2	35.4
124	-1.93930	20.20623	0.11465	15.5	16.7	18.2	20.2	23.0	27.4	35.6
125	-1.92770	20.28334	0.11510	15.6	16.8	18.3	20.3	23.1	27.5	35.8
126	-1.91544	20.36166	0.11554	15.6	16.8	18.3	20.4	23.2	27.6	36.0
127	-1.90255	20.44122	0.11597	15.7	16.9	18.4	20.4	23.3	27.8	36.1
128	-1.88906	20.52201	0.11640	15.7	16.9	18.5	20.5	23.4	27.9	36.3
129	-1.87501	20.60406	0.11681	15.7	17.0	18.5	20.6	23.5	28.0	36.5
130	-1.86041	20.68738	0.11721	15.8	17.0	18.6	20.7	23.6	28.1	36.6
131	-1.84530	20.77196	0.11761	15.8	17.1	18.7	20.8	23.7	28.3	36.7
132	-1.82971	20.85783	0.11798	15.9	17.1	18.7	20.9	23.8	28.4	36.9
133	-1.81367	20.94498	0.11835	15.9	17.2	18.8	20.9	23.9	28.5	37.0
134	-1.79720	21.03344	0.11870	16.0	17.3	18.9	21.0	24.0	28.7	37.1
135	-1.78034	21.12321	0.11904	16.0	17.3	19.0	21.1	24.1	28.8	37.2
136	-1.76312	21.21431	0.11937	16.1	17.4	19.0	21.2	24.3	28.9	37.4
137	-1.74555	21.30673	0.11967	16.1	17.4	19.1	21.3	24.4	29.0	37.5
138	-1.72768	21.40050	0.11997	16.2	17.5	19.2	21.4	24.5	29.2	37.6
139	-1.70954	21.49562	0.12024	16.2	17.6	19.3	21.5	24.6	29.3	37.7
140	-1.69114	21.59208	0.12050	16.3	17.6	19.3	21.6	24.7	29.4	37.8
141	-1.67254	21.68983	0.12075	16.3	17.7	19.4	21.7	24.8	29.6	37.8
142	-1.65377	21.78883	0.12097	16.4	17.8	19.5	21.8	24.9	29.7	37.9
143	-1.63486	21.88905	0.12118	16.5	17.8	19.6	21.9	25.1	29.8	38.0
144	-1.61586	21.99043	0.12137	16.5	17.9	19.7	22.0	25.2	29.9	38.1
145	-1.59680	22.09294	0.12154	16.6	18.0	19.8	22.1	25.3	30.1	38.2
146	-1.57771	22.19654	0.12169	16.6	18.1	19.9	22.2	25.4	30.2	38.2
147	-1.55864	22.30118	0.12183	16.7	18.1	19.9	22.3	25.5	30.3	38.3
148	-1.53962	22.40682	0.12194	16.8	18.2	20.0	22.4	25.6	30.4	38.4
149	-1.52070	22.51341	0.12204	16.8	18.3	20.1	22.5	25.8	30.5	38.4
150	-1.50190	22.62092	0.12212	16.9	18.4	20.2	22.6	25.9	30.7	38.5
151	-1.48326	22.72931	0.12218	17.0	18.5	20.3	22.7	26.0	30.8	38.6
152	-1.46482	22.83852	0.12221	17.0	18.5	20.4	22.8	26.1	30.9	38.6
153	-1.44663	22.94852	0.12223	17.1	18.6	20.5	22.9	26.3	31.0	38.7
154	-1.42870	23.05927	0.12223	17.2	18.7	20.6	23.1	26.4	31.1	38.8
155	-1.41108	23.17069	0.12221	17.2	18.8	20.7	23.2	26.5	31.3	38.8
156	-1.39378	23.28271	0.12217	17.3	18.9	20.8	23.3	26.6	31.4	38.9
157	-1.37683	23.39523	0.12211	17.4	19.0	20.9	23.4	26.7	31.5	39.0
158	-1.36024	23.50818	0.12204	17.5	19.0	21.0	23.5	26.9	31.6	39.0
159	-1.34404	23.62148	0.12194	17.5	19.1	21.1	23.6	27.0	31.7	39.1
160	-1.32825	23.73504	0.12183	17.6	19.2	21.2	23.7	27.1	31.9	39.1
161	-1.31289	23.84879	0.12170	17.7	19.3	21.3	23.8	27.2	32.0	39.2
162	-1.29798	23.96263	0.12155	17.8	19.4	21.4	24.0	27.4	32.1	39.3
163	-1.28355	24.07649	0.12138	17.9	19.5	21.5	24.1	27.5	32.2	39.3
164	-1.26961	24.19029	0.12120	17.9	19.6	21.6	24.2	27.6	32.3	39.4
165	-1.25619	24.30394	0.12101	18.0	19.7	21.7	24.3	27.7	32.4	39.5
166	-1.24331	24.41736	0.12079	18.1	19.8	21.8	24.4	27.8	32.5	39.5
167	-1.23099	24.53048	0.12057	18.2	19.9	21.9	24.5	28.0	32.7	39.6
168	-1.21926	24.64320	0.12032	18.3	20.0	22.0	24.6	28.1	32.8	39.7
169	-1.20812	24.75546	0.12007	18.4	20.0	22.1	24.8	28.2	32.9	39.7
170	-1.19761	24.86720	0.11980	18.4	20.1	22.2	24.9	28.3	33.0	39.8
171	-1.18774	24.97838	0.11952	18.5	20.2	22.3	25.0	28.4	33.1	39.9
172	-1.17852	25.08897	0.11922	18.6	20.3	22.4	25.1	28.5	33.2	39.9
173	-1.16998	25.19891	0.11892	18.7	20.4	22.5	25.2	28.6	33.3	40.0
174	-1.16213	25.30817	0.11860	18.8	20.5	22.6	25.3	28.8	33.4	40.1
175	-1.15499	25.41670	0.11828	18.9	20.6	22.7	25.4	28.9	33.5	40.1
176	-1.14858	25.52447	0.11795	19.0	20.7	22.9	25.5	29.0	33.6	40.2
177	-1.14291	25.63143	0.11761	19.1	20.8	23.0	25.6	29.1	33.7	40.3
178	-1.13800	25.73753	0.11726	19.1	20.9	23.1	25.7	29.2	33.8	40.3
179	-1.13388	25.84274	0.11691	19.2	21.0	23.2	25.8	29.3	33.9	40.4
180	-1.13055	25.94701	0.11655	19.3	21.1	23.3	25.9	29.4	34.0	40.5
181	-1.12804	26.05030	0.11619	19.4	21.2	23.4	26.1	29.5	34.1	40.6
182	-1.12636	26.15257	0.11583	19.5	21.3	23.5	26.2	29.6	34.2	40.6
183	-1.12553	26.25377	0.11546	19.6	21.4	23.6	26.3	29.7	34.3	40.7
184	-1.12555	26.35388	0.11510	19.7	21.5	23.7	26.4	29.8	34.4	40.8
185	-1.12638	26.45289	0.11473	19.8	21.6	23.7	26.5	29.9	34.5	40.9
186	-1.12800	26.55079	0.11436	19.9	21.7	23.8	26.6	30.0	34.6	41.0
187	-1.13037	26.64757	0.11399	20.0	21.8	23.9	26.6	30.1	34.7	41.1
188	-1.13345	26.74322	0.11362	20.0	21.8	24.0	26.7	30.2	34.8	41.1
189	-1.13722	26.83773	0.11326	20.1	21.9	24.1	26.8	30.3	34.9	41.2
190	-1.14163	26.93110	0.11290	20.2	22.0	24.2	26.9	30.4	35.0	41.3
191	-1.14666	27.02332	0.11254	20.3	22.1	24.3	27.0	30.5	35.1	41.4
192	-1.15227	27.11438	0.11219	20.4	22.2	24.4	27.1	30.6	35.2	41.5
193	-1.15843	27.20427	0.11184	20.5	22.3	24.5	27.2	30.7	35.2	41.6
194	-1.16511	27.29299	0.11150	20.6	22.4	24.6	27.3	30.8	35.3	41.7
195	-1.17226	27.38052	0.11116	20.7	22.5	24.7	27.4	30.8	35.4	41.8
196	-1.17986	27.46686	0.11083	20.7	22.6	24.7	27.5	30.9	35.5	41.9
197	-1.18788	27.55200	0.11051	20.8	22.6	24.8	27.6	31.0	35.6	42.0
198	-1.19627	27.63593	0.11020	20.9	22.7	24.9	27.6	31.1	35.7	42.1
199	-1.20499	27.71865	0.10990	21.0	22.8	25.0	27.7	31.2	35.8	42.2
200	-1.21395	27.80016	0.10960	21.1	22.9	25.1	27.8	31.3	35.9	42.3
201	-1.22310	27.88048	0.10932	21.2	23.0	25.2	27.9	31.4	36.0	42.4
202	-1.23235	27.95959	0.10904	21.2	23.0	25.2	28.0	31.4	36.0	42.5
203	-1.24164	28.03751	0.10878	21.3	23.1	25.3	28.0	31.5	36.1	42.6
204	-1.25090	28.11425	0.10852	21.4	23.2	25.4	28.1	31.6	36.2	42.7
205	-1.26004	28.18980	0.10827	21.5	23.3	25.5	28.2	31.7	36.3	42.8
206	-1.26901	28.26416	0.10803	21.5	23.4	25.5	28.3	31.7	36.4	42.9
207	-1.27772	28.33735	0.10780	21.6	23.4	25.6	28.3	31.8	36.5	43.0
208	-1.28612	28.40937	0.10758	21.7	23.5	25.7	28.4	31.9	36.5	43.1
209	-1.29412	28.48021	0.10737	21.8	23.6	25.8	28.5	32.0	36.6	43.2
210	-1.30165	28.54989	0.10716	21.8	23.6	25.8	28.5	32.0	36.7	43.3
211	-1.30865	28.61841	0.10697	21.9	23.7	25.9	28.6	32.1	36.8	43.4
212	-1.31504	28.68577	0.10679	22.0	23.8	26.0	28.7	32.2	36.9	43.5
213	-1.32075	28.75198	0.10661	22.0	23.8	26.0	28.8	32.3	36.9	43.6
214	-1.32576	28.81703	0.10645	22.1	23.9	26.1	28.8	32.3	37.0	43.7
215	-1.33005	28.88093	0.10629	22.1	24.0	26.1	28.9	32.4	37.1	43.7
216	-1.33359	28.94368	0.10614	22.2	24.0	26.2	28.9	32.5	37.1	43.8
217	-1.33637	29.00529	0.10600	22.3	24.1	26.3	29.0	32.5	37.2	43.9
218	-1.33836	29.06574	0.10587	22.3	24.1	26.3	29.1	32.6	37.3	44.0
219	-1.33955	29.12505	0.10575	22.4	24.2	26.4	29.1	32.6	37.3	44.0
220	-1.33992	29.18321	0.10563	22.4	24.2	26.4	29.2	32.7	37.4	44.1
221	-1.33944	29.24023	0.10552	22.5	24.3	26.5	29.2	32.8	37.5	44.1
222	-1.33810	29.29611	0.10542	22.5	24.3	26.5	29.3	32.8	37.5	44.2
223	-1.33587	29.35084	0.10533	22.5	24.4	26.6	29.4	32.9	37.6	44.2
224	-1.33274	29.40443	0.10524	22.6	24.4	26.6	29.4	32.9	37.6	44.3
225	-1.32869	29.45689	0.10516	22.6	24.5	26.7	29.5	33.0	37.7	44.3
226	-1.32369	29.50820	0.10508	22.7	24.5	26.7	29.5	33.0	37.7	44.4
227	-1.31773	29.55838	0.10501	22.7	24.6	26.8	29.6	33.1	37.8	44.4
228	-1.31080	29.60742	0.10495	22.7	24.6	26.8	29.6	33.1	37.8	44.4