Month	L	M	S	SD3neg	SD2neg	SD1neg	SD0	SD1	SD2	SD3
60	-0.49271	16.81684	0.09338	12.9	14.1	15.3	16.8	18.5	20.5	22.7
61	-0.50464	16.86234	0.09380	13.0	14.1	15.4	16.9	18.6	20.5	22.8
62	-0.51656	16.90778	0.09423	13.0	14.1	15.4	16.9	18.6	20.6	23.0
63	-0.52844	16.95319	0.09467	13.0	14.2	15.5	17.0	18.7	20.7	23.1
64	-0.54030	16.99859	0.09512	13.0	14.2	15.5	17.0	18.7	20.8	23.2
65	-0.55212	17.04400	0.09557	13.1	14.2	15.5	17.0	18.8	20.9	23.3
66	-0.56392	17.08945	0.09603	13.1	14.2	15.6	17.1	18.9	20.9	23.4
67	-0.57568	17.13499	0.09649	13.1	14.3	15.6	17.1	18.9	21.0	23.5
68	-0.58740	17.18065	0.09696	13.1	14.3	15.6	17.2	19.0	21.1	23.6
69	-0.59908	17.22647	0.09744	13.2	14.3	15.7	17.2	19.0	21.2	23.8
70	-0.61073	17.27250	0.09793	13.2	14.4	15.7	17.3	19.1	21.3	23.9
71	-0.62233	17.31876	0.09842	13.2	14.4	15.7	17.3	19.2	21.4	24.0
72	-0.63388	17.36531	0.09892	13.2	14.4	15.8	17.4	19.2	21.5	24.1
73	-0.64539	17.41218	0.09943	13.3	14.4	15.8	17.4	19.3	21.5	24.3
74	-0.65684	17.45942	0.09995	13.3	14.5	15.8	17.5	19.4	21.6	24.4
75	-0.66825	17.50705	0.10047	13.3	14.5	15.9	17.5	19.4	21.7	24.5
76	-0.67959	17.55514	0.10100	13.3	14.5	15.9	17.6	19.5	21.8	24.6
77	-0.69089	17.60370	0.10154	13.4	14.6	16.0	17.6	19.6	21.9	24.8
78	-0.70212	17.65279	0.10208	13.4	14.6	16.0	17.7	19.6	22.0	24.9
79	-0.71329	17.70244	0.10263	13.4	14.6	16.0	17.7	19.7	22.1	25.1
80	-0.72439	17.75270	0.10319	13.4	14.6	16.1	17.8	19.8	22.2	25.2
81	-0.73543	17.80359	0.10375	13.5	14.7	16.1	17.8	19.8	22.3	25.4
82	-0.74641	17.85514	0.10433	13.5	14.7	16.1	17.9	19.9	22.4	25.5
83	-0.75731	17.90734	0.10490	13.5	14.7	16.2	17.9	20.0	22.5	25.7
84	-0.76814	17.96022	0.10549	13.5	14.8	16.2	18.0	20.0	22.6	25.8
85	-0.77891	18.01378	0.10608	13.6	14.8	16.3	18.0	20.1	22.7	26.0
86	-0.78960	18.06804	0.10667	13.6	14.8	16.3	18.1	20.2	22.8	26.1
87	-0.80022	18.12300	0.10727	13.6	14.9	16.4	18.1	20.3	22.9	26.3
88	-0.81076	18.17868	0.10788	13.6	14.9	16.4	18.2	20.4	23.0	26.5
89	-0.82123	18.23510	0.10848	13.7	14.9	16.4	18.2	20.4	23.2	26.6
90	-0.83162	18.29225	0.10909	13.7	15.0	16.5	18.3	20.5	23.3	26.8
91	-0.84193	18.35016	0.10971	13.7	15.0	16.5	18.4	20.6	23.4	27.0
92	-0.85217	18.40883	0.11033	13.8	15.0	16.6	18.4	20.7	23.5	27.2
93	-0.86233	18.46827	0.11094	13.8	15.1	16.6	18.5	20.8	23.6	27.3
94	-0.87240	18.52850	0.11157	13.8	15.1	16.7	18.5	20.8	23.7	27.5
95	-0.88239	18.58953	0.11219	13.8	15.1	16.7	18.6	20.9	23.9	27.7
96	-0.89230	18.65136	0.11281	13.9	15.2	16.8	18.7	21.0	24.0	27.9
97	-0.90213	18.71396	0.11343	13.9	15.2	16.8	18.7	21.1	24.1	28.1
98	-0.91187	18.77734	0.11405	13.9	15.3	16.8	18.8	21.2	24.2	28.3
99	-0.92153	18.84147	0.11467	14.0	15.3	16.9	18.8	21.3	24.4	28.5
100	-0.93111	18.90633	0.11529	14.0	15.3	16.9	18.9	21.4	24.5	28.7
101	-0.94061	18.97192	0.11590	14.0	15.4	17.0	19.0	21.4	24.6	28.9
102	-0.95002	19.03822	0.11651	14.1	15.4	17.0	19.0	21.5	24.8	29.1
103	-0.95935	19.10522	0.11712	14.1	15.5	17.1	19.1	21.6	24.9	29.3
104	-0.96860	19.17289	0.11772	14.2	15.5	17.2	19.2	21.7	25.0	29.5
105	-0.97776	19.24123	0.11831	14.2	15.6	17.2	19.2	21.8	25.2	29.8
106	-0.98685	19.31023	0.11890	14.2	15.6	17.3	19.3	21.9	25.3	30.0
107	-0.99585	19.37986	0.11948	14.3	15.6	17.3	19.4	22.0	25.5	30.2
108	-1.00477	19.45011	0.12006	14.3	15.7	17.4	19.5	22.1	25.6	30.4
109	-1.01360	19.52097	0.12062	14.3	15.7	17.4	19.5	22.2	25.7	30.6
110	-1.02236	19.59243	0.12117	14.4	15.8	17.5	19.6	22.3	25.9	30.9
111	-1.03103	19.66448	0.12171	14.4	15.8	17.5	19.7	22.4	26.0	31.1
112	-1.03963	19.73712	0.12224	14.5	15.9	17.6	19.7	22.5	26.2	31.3
113	-1.04814	19.81035	0.12276	14.5	15.9	17.6	19.8	22.6	26.3	31.6
114	-1.05657	19.88418	0.12327	14.6	16.0	17.7	19.9	22.7	26.5	31.8
115	-1.06493	19.95861	0.12376	14.6	16.0	17.8	20.0	22.8	26.6	32.0
116	-1.07321	20.03364	0.12424	14.6	16.1	17.8	20.0	22.9	26.7	32.2
117	-1.08141	20.10928	0.12471	14.7	16.1	17.9	20.1	23.0	26.9	32.5
118	-1.08954	20.18551	0.12515	14.7	16.2	18.0	20.2	23.1	27.0	32.7
119	-1.09759	20.26235	0.12559	14.8	16.2	18.0	20.3	23.2	27.2	32.9
120	-1.10557	20.33979	0.12601	14.8	16.3	18.1	20.3	23.3	27.3	33.2
121	-1.11347	20.41785	0.12641	14.9	16.3	18.1	20.4	23.4	27.5	33.4
122	-1.12131	20.49651	0.12679	14.9	16.4	18.2	20.5	23.5	27.6	33.7
123	-1.12907	20.57578	0.12716	15.0	16.5	18.3	20.6	23.6	27.8	33.9
124	-1.13676	20.65567	0.12751	15.0	16.5	18.3	20.7	23.7	27.9	34.1
125	-1.14439	20.73616	0.12783	15.1	16.6	18.4	20.7	23.8	28.1	34.4
126	-1.15194	20.81724	0.12814	15.1	16.6	18.5	20.8	23.9	28.2	34.6
127	-1.15943	20.89887	0.12843	15.2	16.7	18.5	20.9	24.0	28.4	34.8
128	-1.16685	20.98103	0.12870	15.3	16.8	18.6	21.0	24.1	28.5	35.1
129	-1.17420	21.06370	0.12895	15.3	16.8	18.7	21.1	24.2	28.6	35.3
130	-1.18149	21.14683	0.12918	15.4	16.9	18.8	21.1	24.3	28.8	35.5
131	-1.18871	21.23041	0.12939	15.4	16.9	18.8	21.2	24.4	28.9	35.7
132	-1.19587	21.31441	0.12958	15.5	17.0	18.9	21.3	24.5	29.1	36.0
133	-1.20297	21.39880	0.12976	15.5	17.1	19.0	21.4	24.6	29.2	36.2
134	-1.21000	21.48355	0.12991	15.6	17.1	19.0	21.5	24.7	29.3	36.4
135	-1.21697	21.56863	0.13004	15.7	17.2	19.1	21.6	24.8	29.5	36.6
136	-1.22389	21.65401	0.13016	15.7	17.3	19.2	21.7	25.0	29.6	36.8
137	-1.23074	21.73968	0.13025	15.8	17.3	19.3	21.7	25.1	29.8	37.0
138	-1.23753	21.82559	0.13032	15.9	17.4	19.3	21.8	25.2	29.9	37.2
139	-1.24427	21.91173	0.13038	15.9	17.5	19.4	21.9	25.3	30.0	37.4
140	-1.25095	21.99804	0.13041	16.0	17.6	19.5	22.0	25.4	30.2	37.6
141	-1.25757	22.08447	0.13043	16.1	17.6	19.6	22.1	25.5	30.3	37.8
142	-1.26414	22.17095	0.13043	16.1	17.7	19.6	22.2	25.6	30.4	38.0
143	-1.27064	22.25742	0.13041	16.2	17.8	19.7	22.3	25.7	30.6	38.2
144	-1.27709	22.34380	0.13037	16.3	17.8	19.8	22.3	25.8	30.7	38.4
145	-1.28349	22.43004	0.13032	16.3	17.9	19.9	22.4	25.9	30.8	38.6
146	-1.28983	22.51607	0.13025	16.4	18.0	20.0	22.5	26.0	30.9	38.8
147	-1.29611	22.60182	0.13017	16.5	18.1	20.0	22.6	26.1	31.1	39.0
148	-1.30233	22.68723	0.13008	16.5	18.1	20.1	22.7	26.2	31.2	39.1
149	-1.30850	22.77224	0.12997	16.6	18.2	20.2	22.8	26.3	31.3	39.3
150	-1.31461	22.85678	0.12985	16.7	18.3	20.3	22.9	26.4	31.4	39.5
151	-1.32067	22.94077	0.12971	16.8	18.4	20.4	22.9	26.4	31.5	39.6
152	-1.32667	23.02417	0.12957	16.8	18.4	20.4	23.0	26.5	31.6	39.8
153	-1.33261	23.10690	0.12941	16.9	18.5	20.5	23.1	26.6	31.7	39.9
154	-1.33850	23.18890	0.12925	17.0	18.6	20.6	23.2	26.7	31.8	40.1
155	-1.34434	23.27013	0.12907	17.0	18.6	20.7	23.3	26.8	32.0	40.2
156	-1.35012	23.35053	0.12889	17.1	18.7	20.7	23.4	26.9	32.1	40.3
157	-1.35584	23.43008	0.12870	17.2	18.8	20.8	23.4	27.0	32.2	40.5
158	-1.36150	23.50874	0.12850	17.2	18.9	20.9	23.5	27.1	32.3	40.6
159	-1.36711	23.58647	0.12830	17.3	18.9	21.0	23.6	27.2	32.4	40.7
160	-1.37265	23.66323	0.12809	17.4	19.0	21.0	23.7	27.2	32.4	40.9
161	-1.37814	23.73898	0.12787	17.4	19.1	21.1	23.7	27.3	32.5	41.0
162	-1.38357	23.81369	0.12766	17.5	19.1	21.2	23.8	27.4	32.6	41.1
163	-1.38894	23.88732	0.12744	17.6	19.2	21.2	23.9	27.5	32.7	41.2
164	-1.39425	23.95982	0.12721	17.6	19.3	21.3	24.0	27.6	32.8	41.3
165	-1.39950	24.03118	0.12699	17.7	19.3	21.4	24.0	27.6	32.9	41.4
166	-1.40469	24.10133	0.12676	17.8	19.4	21.4	24.1	27.7	33.0	41.5
167	-1.40982	24.17025	0.12653	17.8	19.5	21.5	24.2	27.8	33.1	41.6
168	-1.41489	24.23790	0.12630	17.9	19.5	21.6	24.2	27.9	33.1	41.7
169	-1.41989	24.30425	0.12608	18.0	19.6	21.6	24.3	27.9	33.2	41.8
170	-1.42484	24.36928	0.12585	18.0	19.7	21.7	24.4	28.0	33.3	41.9
171	-1.42971	24.43300	0.12563	18.1	19.7	21.8	24.4	28.1	33.4	42.0
172	-1.43453	24.49541	0.12541	18.1	19.8	21.8	24.5	28.1	33.4	42.1
173	-1.43928	24.55649	0.12519	18.2	19.8	21.9	24.6	28.2	33.5	42.2
174	-1.44397	24.61626	0.12498	18.2	19.9	21.9	24.6	28.3	33.6	42.2
175	-1.44859	24.67470	0.12476	18.3	19.9	22.0	24.7	28.3	33.6	42.3
176	-1.45315	24.73182	0.12456	18.3	20.0	22.1	24.7	28.4	33.7	42.4
177	-1.45764	24.78761	0.12436	18.4	20.0	22.1	24.8	28.4	33.8	42.5
178	-1.46207	24.84208	0.12416	18.5	20.1	22.2	24.8	28.5	33.8	42.5
179	-1.46642	24.89521	0.12397	18.5	20.1	22.2	24.9	28.5	33.9	42.6
180	-1.47072	24.94702	0.12378	18.5	20.2	22.3	24.9	28.6	33.9	42.7
181	-1.47494	24.99749	0.12360	18.6	20.2	22.3	25.0	28.7	34.0	42.8
182	-1.47910	25.04663	0.12343	18.6	20.3	22.4	25.0	28.7	34.1	42.8
183	-1.48319	25.09442	0.12326	18.7	20.3	22.4	25.1	28.8	34.1	42.9
184	-1.48721	25.14089	0.12311	18.7	20.4	22.5	25.1	28.8	34.2	43.0
185	-1.49116	25.18605	0.12296	18.8	20.4	22.5	25.2	28.9	34.2	43.0
186	-1.49504	25.22993	0.12281	18.8	20.5	22.5	25.2	28.9	34.3	43.1
187	-1.49886	25.27255	0.12268	18.9	20.5	22.6	25.3	28.9	34.3	43.2
188	-1.50260	25.31393	0.12255	18.9	20.5	22.6	25.3	29.0	34.4	43.2
189	-1.50628	25.35410	0.12243	18.9	20.6	22.7	25.4	29.0	34.4	43.3
190	-1.50989	25.39309	0.12232	19.0	20.6	22.7	25.4	29.1	34.5	43.4
191	-1.51343	25.43091	0.12222	19.0	20.7	22.7	25.4	29.1	34.5	43.4
192	-1.51691	25.46760	0.12213	19.0	20.7	22.8	25.5	29.2	34.6	43.5
193	-1.52031	25.50317	0.12204	19.1	20.7	22.8	25.5	29.2	34.6	43.5
194	-1.52364	25.53766	0.12196	19.1	20.8	22.8	25.5	29.2	34.6	43.6
195	-1.52691	25.57108	0.12189	19.1	20.8	22.9	25.6	29.3	34.7	43.7
196	-1.53011	25.60346	0.12183	19.2	20.8	22.9	25.6	29.3	34.7	43.7
197	-1.53324	25.63483	0.12177	19.2	20.8	22.9	25.6	29.3	34.8	43.8
198	-1.53630	25.66520	0.12173	19.2	20.9	23.0	25.7	29.4	34.8	43.9
199	-1.53930	25.69462	0.12169	19.2	20.9	23.0	25.7	29.4	34.9	43.9
200	-1.54222	25.72310	0.12166	19.3	20.9	23.0	25.7	29.4	34.9	44.0
201	-1.54508	25.75069	0.12164	19.3	20.9	23.0	25.8	29.5	34.9	44.1
202	-1.54788	25.77741	0.12163	19.3	21.0	23.1	25.8	29.5	35.0	44.1
203	-1.55061	25.80329	0.12162	19.3	21.0	23.1	25.8	29.5	35.0	44.2
204	-1.55328	25.82837	0.12162	19.3	21.0	23.1	25.8	29.6	35.1	44.3
205	-1.55588	25.85269	0.12163	19.4	21.0	23.1	25.9	29.6	35.1	44.3
206	-1.55843	25.87626	0.12165	19.4	21.1	23.1	25.9	29.6	35.1	44.4
207	-1.56091	25.89913	0.12167	19.4	21.1	23.2	25.9	29.6	35.2	44.5
208	-1.56333	25.92133	0.12170	19.4	21.1	23.2	25.9	29.7	35.2	44.5
209	-1.56569	25.94288	0.12174	19.4	21.1	23.2	25.9	29.7	35.3	44.6
210	-1.56799	25.96382	0.12178	19.5	21.1	23.2	26.0	29.7	35.3	44.7
211	-1.57024	25.98419	0.12183	19.5	21.1	23.2	26.0	29.7	35.3	44.7
212	-1.57243	26.00401	0.12189	19.5	21.2	23.3	26.0	29.8	35.4	44.8
213	-1.57456	26.02332	0.12195	19.5	21.2	23.3	26.0	29.8	35.4	44.9
214	-1.57664	26.04213	0.12202	19.5	21.2	23.3	26.0	29.8	35.4	45.0
215	-1.57867	26.06047	0.12210	19.5	21.2	23.3	26.1	29.8	35.5	45.0
216	-1.58064	26.07835	0.12218	19.5	21.2	23.3	26.1	29.9	35.5	45.1
217	-1.58256	26.09580	0.12227	19.5	21.2	23.3	26.1	29.9	35.6	45.2
218	-1.58443	26.11283	0.12236	19.6	21.2	23.3	26.1	29.9	35.6	45.3
219	-1.58625	26.12947	0.12246	19.6	21.2	23.4	26.1	29.9	35.6	45.3
220	-1.58803	26.14572	0.12256	19.6	21.3	23.4	26.1	30.0	35.7	45.4
221	-1.58975	26.16161	0.12267	19.6	21.3	23.4	26.2	30.0	35.7	45.5
222	-1.59143	26.17717	0.12278	19.6	21.3	23.4	26.2	30.0	35.7	45.6
223	-1.59307	26.19240	0.12290	19.6	21.3	23.4	26.2	30.0	35.8	45.7
224	-1.59466	26.20732	0.12302	19.6	21.3	23.4	26.2	30.1	35.8	45.7
225	-1.59621	26.22197	0.12315	19.6	21.3	23.4	26.2	30.1	35.9	45.8
226	-1.59771	26.23634	0.12328	19.6	21.3	23.4	26.2	30.1	35.9	45.9
227	-1.59918	26.25047	0.12342	19.6	21.3	23.5	26.3	30.1	35.9	46.0
228	-1.60061	26.26437	0.12356	19.6	21.3	23.5	26.3	30.1	36.0	46.1